f1(x) = -1400.000000,
 f2(x) = -1300.000000,
 f3(x) = -1200.000000,
 f4(x) = -1100.000000,
 f5(x) = -1000.000000,
 f6(x) = -900.000000,
 f7(x) = -800.000000,
 f8(x) = -700.000000,
 f9(x) = -600.000000,
 f10(x) = -500.000000,
 f11(x) = -400.000000,
 f12(x) = -300.000000,
 f13(x) = -200.000000,
 f14(x) = -100.000000,
 f15(x) = 100.000000,
 f16(x) = 200.000000,
 f17(x) = 300.000000,
 f18(x) = 400.000000,
 f19(x) = 500.000000,
 f20(x) = 600.000000,
 f21(x) = 700.000000,
 f22(x) = 800.000000,
 f23(x) = 900.000000,
 f24(x) = 1000.000000,
 f25(x) = 1100.000000,
 f26(x) = 1200.000000,
 f27(x) = 1300.000000,
 f28(x) = 1400.000000,